Ленина	12	300	1	1000
Ленина	12	300	2	1200
Ленина	12	300	3	3000
Ленина	42	200	8	7000
Ленина	42	200	9	6000
Ленина	42	200	18	7500
Чехова	20	230	1	3400
Чехова	20	230	2	5000
Чехова	20	230	3	1500
Чехова	20	230	4	4300
Пушкина	21	50	1	1010
Пушкина	21	50	7	4900
Пушкина	21	50	8	8900
Московская	20	120	1	1230
Московская	20	120	4	1233
Московская	20	120	6	2100
Московская	10	100	5	1200
Московская	10	100	6	1100
Московская	10	100	12	1000
Ленина	2	120	1	1200
Ленина	2	120	3	5400
Ленина	2	120	8	7400
Ленина	2	120	12	8000
Пушкина	20	400	1	3000
Пушкина	20	400	2	5000
Пушкина	20	400	5	3299
Пушкина	20	400	8	1200
Пушкина	90	120	9	5555
Пушкина	90	120	13	8000
Пушкина	90	120	19	4555
Пушкина	90	120	23	9000
Пушкина	90	120	33	9010
Пушкина	90	120	77	5055
Майская	8	79	1	1000
Майская	8	79	2	3000
Майская	8	79	6	1020
Петербургская	50	400	9	4400
Петербургская	50	400	9	3000
